eval_loss = 0.003105203648702496
eval_precision = 0.9974951294183134
eval_recall = 0.9977728285077951
eval_f1 = 0.9976339596381351
epoch = 2.0
